INSERT INTO IUCR
Values
(2410, 1),
(2415, 1),
(2420, 1),
(2430, 1),
(2440, 1),
(2446, 1),
(2447, 1),
(2450, 1),
(2455, 1),
(2460, 1),
(2461, 1),
(2462, 1),
(2463, 1),
(2465, 1),
(2470, 1),
(2475, 1),
(2480, 1),
(2485, 1),
(2490, 1),
(2495, 1),
(2496, 1),
(4210, 2),
(4220, 2),
(4225, 2),
(4230, 2),
(4240, 2),
(4250, 2),
(4251, 2),
(4255, 2),
(4260, 2),
(4270, 2),
(2110, 4),
(3945, 2),
(3960, 2),
(3961, 2),
(3965, 2),
(3966, 2),
(3967, 2),
(3968, 2),
(3969, 2),
(3970, 2),
(3975, 2),
(3980, 2),
(1110, 4),
(1120, 4),
(1130, 4),
(1135, 4),
(1136, 4),
(1137, 4),
(1138, 4),
(1139, 4),
(1150, 4),
(1161, 4),
(1170, 4),
(1180, 4),
(1185, 4),
(1195, 4),
(1200, 4),
(1210, 4),
(1216, 4),
(1231, 4),
(1235, 4),
(1240, 4),
(1241, 4),
(1242, 4),
(1261, 4),
(0310, 2),
(0320, 2),
(0325, 2),
(0326, 2),
(0330, 2),
(0610, 2),
(0625, 2),
(0650, 2),
(1910, 0),
(1911, 0),
(1915, 0),
(1920, 0),
(1925, 0),
(1930, 0),
(1931, 0),
(1935, 0),
(1940, 0),
(1945, 0),
(1950, 0),
(1955, 0),
(1960, 0),
(1965, 0),
(1970, 0),
(1975, 0),
(1980, 0),
(1981, 0),
(0710, 2),
(0720, 2),
(0730, 2),
(0760, 2),
(0770, 2),
(0110, 0),
(0115, 0),
(0120, 0),
(0130, 0),
(0141, 0),
(0142, 0),
(0150, 0),
(0160, 0),
(0165, 0),
(0170, 0),
(0190, 0),
(0191, 0),
(0192, 0),
(3000, 0),
(3100, 0),
(3200, 0),
(3300, 0),
(3400, 0),
(3500, 0),
(4315, 0),
(4320, 0),
(4325, 0),
(4330, 0),
(1050, 1),
(1051, 1),
(2011, 3),
(2012, 3),
(2013, 3),
(2014, 3),
(2015, 3),
(2020, 3),
(2030, 3),
(2050, 3),
(2051, 3),
(2060, 3),
(2061, 3),
(2070, 3),
(2080, 3),
(3711, 3),
(3712, 3),
(3720, 3),
(3721, 3),
(3730, 3),
(3731, 3),
(3740, 3),
(3750, 3),
(3760, 3),
(3770, 3),
(3800, 3),
(3810, 3),
(3820, 3),
(3821, 3),
(3910, 3),
(3920, 3),
(3930, 3),
(0805, 4),
(0815, 4),
(0825, 4),
(0830, 4),
(0860, 4),
(0865, 4),
(0870, 4),
(0880, 4),
(0890, 4),
(0895, 4),
(1615, 4),
(1625, 4),
(1630, 4),
(1635, 4),
(1640, 4),
(1670, 4),
(1680, 4),
(1685, 4),
(2310, 4),
(2315, 4),
(2500, 2),
(0260, 0),
(0261, 0),
(0262, 0),
(0280, 0),
(0281, 0),
(1010, 2),
(1025, 2),
(1030, 2),
(1035, 2),
(1305, 4),
(1310, 4),
(1330, 4),
(1335, 4),
(1340, 4),
(1350, 4),
(1360, 4),
(1365, 4),
(1375, 4),
(1325, 4),
(1503, 3),
(1504, 3),
(1505, 3),
(1525, 3),
(1526, 3),
(1530, 3),
(1531, 3),
(1535, 3),
(1537, 3),
(1538, 3),
(1540, 3),
(1542, 3),
(1544, 3),
(1560, 3),
(1561, 3),
(1562, 3),
(1563, 3),
(1564, 3),
(1565, 3),
(1566, 3),
(1567, 3),
(1568, 3),
(1570, 3),
(1572, 3),
(1574, 3),
(1576, 3),
(1578, 3),
(1579, 3),
(1580, 3),
(1581, 3),
(1582, 3),
(1585, 3),
(1587, 3),
(1592, 3),
(2160, 3),
(2170, 3),
(2171, 3),
(1810, 4),
(1813, 4),
(1814, 4),
(1815, 4),
(1816, 4),
(1817, 4),
(1821, 4),
(1822, 4),
(1830, 4),
(1840, 4),
(1850, 4),
(1860, 4),
(2210, 4),
(2220, 4),
(2230, 4),
(2240, 4),
(2250, 4),
(0410, 3),
(0460, 3),
(0461, 3),
(0462, 3),
(0470, 3),
(0475, 3),
(0485, 3),
(0486, 3),
(0487, 3),
(0488, 3),
(0495, 3),
(0496, 3),
(0497, 3),
(0490, 3),
(0492, 3),
(0493, 3),
(1405, 3),
(1410, 3),
(1411, 3),
(1415, 3),
(1421, 3),
(1422, 3),
(1425, 3),
(1430, 3),
(1431, 3),
(1432, 3),
(1435, 3),
(1436, 3),
(1437, 3),
(1438, 3),
(1439, 3),
(1440, 3),
(1445, 3),
(1450, 3),
(1460, 3),
(1475, 3),
(1476, 3),
(1477, 3),
(0910, 2),
(0510, 4),
(0560, 4),
(2805, 4),
(2807, 4),
(2810, 4),
(2820, 4),
(2825, 4),
(2826, 4),
(2830, 4),
(2831, 4),
(2835, 4),
(2840, 4),
(2850, 4),
(2860, 4),
(2870, 4),
(2886, 4),
(2890, 4),
(2895, 4),
(2900, 4),
(4505, 4),
(4515, 4),
(4525, 4),
(4526, 4),
(4530, 4),
(4550, 4),
(4570, 4);